37.csv: [0 1 0 0 1 1 0 0 0 0]
38.csv: [0 0 1 1 0 1 0 0 0 0]
39.csv: [0 1 1 0 0 1 0 1 0 0]
4.csv: [0 0 0 1 1 0 0 0 1 1]
40.csv: [1 0 1 0 0 0 0 0 1 1]
28.csv: [0 1 1 1 1 0 0 0 0 0]
29.csv: [0 0 0 0 0 0 1 0 0 0]
3.csv: [0 0 1 1 1 1 0 0 0 0]
30.csv: [0 0 0 0 1 1 0 1 0 0]
31.csv: [0 0 0 0 1 1 0 0 0 0]
23.csv: [0 1 0 0 0 0 0 0 1 1]
24.csv: [1 1 0 0 0 0 1 0 1 1]
25.csv: [1 0 0 0 0 0 0 0 1 0]
26.csv: [0 0 1 1 0 0 0 0 0 0]
27.csv: [0 0 1 0 0 1 0 0 0 0]
14.csv: [0 1 0 0 1 0 0 0 0 0]
15.csv: [1 0 0 0 0 0 1 0 0 1]
16.csv: [0 1 1 0 0 1 0 0 1 0]
17.csv: [0 0 0 0 0 1 1 1 1 1]
18.csv: [0 0 1 0 1 0 1 0 0 0]
19.csv: [0 0 1 0 1 0 1 0 0 0]
2.csv: [0 1 1 0 1 0 1 0 0 0]
20.csv: [1 1 0 1 0 0 1 0 1 0]
21.csv: [0 0 0 1 0 0 1 0 1 0]
22.csv: [1 0 1 0 1 1 0 1 0 0]
1.csv: [0 0 1 0 1 1 0 0 0 1]
10.csv: [1 0 0 0 1 0 0 0 0 0]
11.csv: [0 1 1 1 1 0 0 1 0 1]
12.csv: [1 0 1 0 0 1 0 1 0 0]
13.csv: [0 0 0 0 0 0 0 0 0 0]
9.csv: [0 0 1 0 0 0 1 0 0 0]
41.csv: [1 1 0 0 1 0 0 1]
5.csv: [0 0 1 1 0 0 0 0 0 1]
6.csv: [0 0 0 1 1 1 0 0 1 1]
7.csv: [1 0 0 0 1 0 0 1 0 1]
8.csv: [1 0 0 0 0 0 0 1 1 1]
32.csv: [0 0 0 0 1 0 1 1 0 0]
33.csv: [1 0 0 1 0 0 0 0 0 1]
34.csv: [0 0 0 1 0 0 0 1 0 1]
35.csv: [1 0 0 0 1 0 1 0 0 0]
36.csv: [0 1 1 0 1 0 0 0 1 0]
